10	65	20	94	24
33	51	85	48	45
10	50	18	77	86
56	55	86	36	38
50	19	94	98	35
67	57	95	18	10
64	38	28	2	88
76	65	79	55	27
51	22	87	33	86
79	24	65	44	44
27	5	68	49	90
36	71	5	34	19
34	62	24	35	36
86	65	2	29	46
42	62	26	76	79
86	87	12	20	74
70	13	7	62	10
20	9	67	9	63
69	22	6	15	93
57	4	90	54	22
10	65	20	94	24
33	51	85	48	45
10	50	18	77	86
56	55	86	36	38
50	19	94	98	35
67	57	95	18	10
64	38	28	2	88
76	65	79	55	27
51	22	87	33	86
79	24	65	44	44
27	5	68	49	90
36	71	5	34	19
34	62	24	35	36
86	65	2	29	46
42	62	26	76	79
86	87	12	20	74
70	13	7	62	10
20	9	67	9	63
69	22	6	15	93
57	4	90	54	22
10	65	20	94	24
33	51	85	48	45
10	50	18	77	86
56	55	86	36	38
50	19	94	98	35
67	57	95	18	10
64	38	28	2	88
76	65	79	55	27
51	22	87	33	86
79	24	65	44	44
27	5	68	49	90
36	71	5	34	19
34	62	24	35	36
86	65	2	29	46
42	62	26	76	79
86	87	12	20	74
70	13	7	62	10
20	9	67	9	63
69	22	6	15	93
57	4	90	54	22
7545 5232
1440 9873
6651 2528
4205 4634
9609 6134
3786 8052
8480 7307
9745 5591
8522 1908
3043 5873
51	22	87	33	86
79	24	65	44	44
27	5	68	49	90
36	71	5	34	19
34	62	24	35	36
86	65	2	29	46
42	62	26	76	79
86	87	12	20	74
70	13	7	62	10
20	9	67	9	63
69	22	6	15	93
12	20	74
70	13	7	62	10
20	9	67	9	63
69	22	6	15	9312	20	74
70	13	7	62	10
20	9	67	9	63
69	22	6	15	9312	20	74
70	13	7	62	10
20	9	67	9	63
69	22	6	15	9312	20	74
70	13	7	62	10
20	9	67	9	63
69	22	6	15	9312	20	74
70	13	7	62	10
20	9	67	9	63
69	22	6	15	9312	20	74
70	13	7	62	10
20	9	67	9	63
69	22	6	15	9312	20	74
70	13	7	62	10
20	9	67	9	63
69	22	6	15	9312	20	74
70	13	7	62	10
20	9	67	9	63
69	22	6	15	9312	20	74
70	13	7	62	10
20	9	67	9	63
69	22	6	15	9312	20	74
70	13	7	62	10
20	9	67	9	63
69	22	6	15	9312	20	74
70	13	7	62	10
20	9	67	9	63
69	22	6	15	9312	20	74
70	13	7	62	10
20	9	67	9	63
69	22	6	15	9312	20	74
70	13	7	62	10
20	9	67	9	63
69	22	6	15	9312	20	74
70	13	7	62	10
20	9	67	9	63
69	22	6	15	9312	20	74
70	13	7	62	10
20	9	67	9	63
69	22	6	15	9312	20	74
70	13	7	62	10
20	9	67	9	63
69	22	6	15	9312	20	74
70	13	7	62	10
20	9	67	9	63
69	22	6	15	9312	20	74
70	13	7	62	10
20	9	67	9	63
69	22	6	15	9312	20	74
70	13	7	62	10
20	9	67	9	63
69	22	6	15	9312	20	74
70	13	7	62	10
20	9	67	9	63
69	22	6	15	9312	20	74
70	13	7	62	10
20	9	67	9	63
69	22	6	15	9312	20	74
70	13	7	62	10
20	9	67	9	63
69	22	6	15	9312	20	74
70	13	7	62	10
20	9	67	9	63
69	22	6	15	9312	20	74
70	13	7	62	10
20	9	67	9	63
69	22	6	15	9312	20	74
70	13	7	62	10
20	9	67	9	63
69	22	6	15	9312	20	74
70	13	7	62	10
20	9	67	9	63
69	22	6	15	9312	20	74
70	13	7	62	10
20	9	67	9	63
69	22	6	15	9312	20	74
70	13	7	62	10
20	9	67	9	63
69	22	6	15	9312	20	74
70	13	7	62	10
20	9	67	9	63
69	22	6	15	9312	20	74
70	13	7	62	10
20	9	67	9	63
69	22	6	15	9312	20	74
70	13	7	62	10
20	9	67	9	63
69	22	6	15	9312	20	74
70	13	7	62	10
20	9	67	9	63
69	22	6	15	9312	20	74
70	13	7	62	10
20	9	67	9	63
69	22	6	15	9312	20	74
70	13	7	62	10
20	9	67	9	63
69	22	6	15	9312	20	74
70	13	7	62	10
20	9	67	9	63
69	22	6	15	9312	20	74
70	13	7	62	10
20	9	67	9	63
69	22	6	15	9312	20	74
70	13	7	62	10
20	9	67	9	63
69	22	6	15	9312	20	74
70	13	7	62	10
20	9	67	9	63
69	22	6	15	9312	20	74
70	13	7	62	10
20	9	67	9	63
69	22	6	15	9312	20	74
70	13	7	62	10
20	9	67	9	63
69	22	6	15	9312	20	74
70	13	7	62	10
20	9	67	9	63
69	22	6	15	9312	20	74
70	13	7	62	10
20	9	67	9	63
69	22	6	15	9312	20	74
70	13	7	62	10
20	9	67	9	63
69	22	6	15	9312	20	74
70	13	7	62	10
20	9	67	9	63
69	22	6	15	9312	20	74
70	13	7	62	10
20	9	67	9	63
69	22	6	15	9312	20	74
70	13	7	62	10
20	9	67	9	63
69	22	6	15	9312	20	74
70	13	7	62	10
20	9	67	9	63
69	22	6	15	9312	20	74
70	13	7	62	10
20	9	67	9	63
69	22	6	15	9312	20	74
70	13	7	62	10
20	9	67	9	63
69	22	6	15	9312	20	74
70	13	7	62	10
20	9	67	9	63
69	22	6	15	9312	20	74
70	13	7	62	10
20	9	67	9	63
69	22	6	15	9312	20	74
70	13	7	62	10
20	9	67	9	63
69	22	6	15	9312	20	74
70	13	7	62	10
20	9	67	9	63
69	22	6	15	9312	20	74
70	13	7	62	10
20	9	67	9	63
69	22	6	15	9312	20	74
70	13	7	62	10
20	9	67	9	63
69	22	6	15	9312	20	74
70	13	7	62	10
20	9	67	9	63
69	22	6	15	9312	20	74
70	13	7	62	10
20	9	67	9	63
69	22	6	15	9312	20	74
70	13	7	62	10
20	9	67	9	63
69	22	6	15	9312	20	74
70	13	7	62	10
20	9	67	9	63
69	22	6	15	9312	20	74
70	13	7	62	10
20	9	67	9	63
69	22	6	15	9312	20	74
70	13	7	62	10
20	9	67	9	63
69	22	6	15	93
